   1.5535000000000000e+04	   1.5818000000000000e+04	   1.0000000000000000e+00	   0.0000000000000000e+00	
   1.5945000000000000e+04	   1.6131000000000000e+04	   1.0000000000000000e+00	   0.0000000000000000e+00	
   2.5244000000000000e+04	   2.5602000000000000e+04	   1.0000000000000000e+00	   0.0000000000000000e+00	
   3.2378000000000000e+04	   3.2725000000000000e+04	   1.0000000000000000e+00	   0.0000000000000000e+00	
   3.5852000000000000e+04	   3.6236000000000000e+04	   1.0000000000000000e+00	   0.0000000000000000e+00	
   3.9416000000000000e+04	   3.9742000000000000e+04	   1.0000000000000000e+00	   0.0000000000000000e+00	
   4.2668000000000000e+04	   4.2987000000000000e+04	   1.0000000000000000e+00	   0.0000000000000000e+00	
   5.1071000000000000e+04	   5.1435000000000000e+04	   1.0000000000000000e+00	   0.0000000000000000e+00	
   5.4773000000000000e+04	   5.5098000000000000e+04	   1.0000000000000000e+00	   0.0000000000000000e+00	
   5.8808000000000000e+04	   5.9145000000000000e+04	   1.0000000000000000e+00	   0.0000000000000000e+00	
   6.1528000000000000e+04	   6.1860000000000000e+04	   1.0000000000000000e+00	   0.0000000000000000e+00	
   6.4489000000000000e+04	   6.4834000000000000e+04	   1.0000000000000000e+00	   0.0000000000000000e+00	
   6.8137000000000000e+04	   6.8516000000000000e+04	   1.0000000000000000e+00	   0.0000000000000000e+00	
   7.3816000000000000e+04	   7.4141000000000000e+04	   1.0000000000000000e+00	   0.0000000000000000e+00	
   8.8753000000000000e+04	   8.9186000000000000e+04	   1.0000000000000000e+00	   0.0000000000000000e+00	
   9.1935000000000000e+04	   9.2248000000000000e+04	   1.0000000000000000e+00	   0.0000000000000000e+00	
   9.4615000000000000e+04	   9.4994000000000000e+04	   1.0000000000000000e+00	   0.0000000000000000e+00	
   1.0889900000000000e+05	   1.0934800000000000e+05	   1.0000000000000000e+00	   0.0000000000000000e+00	
   1.2034000000000000e+05	   1.2074800000000000e+05	   1.0000000000000000e+00	   0.0000000000000000e+00	
   1.2450200000000000e+05	   1.2479300000000000e+05	   1.0000000000000000e+00	   0.0000000000000000e+00	
   1.4001300000000000e+05	   1.4050400000000000e+05	   1.0000000000000000e+00	   0.0000000000000000e+00	
